75214966
29440084
30147556
14728657
85501573
74352037
84301745
97494559
14322332
38246665
34732382
38110294
92337511
27487887
12247741
77611508
66669351
15757148
14915223
30346940
98792390
38887176
44208700
11961081
97882881
13660438
14312000
13096040
12774092
31481944
14852345
15764579
23588023
78819972
78517040
33750906
41001625
99296087
32378831
51789870
92898731
41835611
54262371
68179298
14542240
46535426
16090537
16533175
54564934
15573820
12031562
11195411
45052261
95648824
11630800
57992530
15474560
60495058
76846862
12673961
18463387
11204461
42668984
10995233
46073638
28763620
90055729
85808236
10225127
11991477
14238244
96384147
54318752
74940137
39064862
95316229
15466629
13001566
30050107
30040193
68788759
59697510
12675456
15316439
67348507
40390423
15226390
11408044
71041165
95244439
11034432
44346480
90703609
14076497
15322230
15431622
44429612
15199589
52063856
14733234
14708789
57261235
12427091
61451712
34729179
59918522
28296760
7329999,
14514838
13239660
15797751
69849765
65789338
57394175
15138811
15135910
17164230
15337438
13293884
52460298
13404202
24916889
13457389
84922667
18344012
77516388
11746863
13741768
13353526
13640116
14330744
13456971
65869899
15844991
15164452
12620852
92596973
42720486
11753839
30108368
92756681
87747674
11042932
43935141
15400717
14224756
16254103
15219225
15135950
79006380
15899320
98056917
12216428
15861927
40485785
21791024
15933996
50175525
14956539
13431156
24486066
15907108
15871047
14694068
10860920
14489950
43593062
11092800
36358297
15923368
25492288
68737650
10218061
13744765
13412258
56585225
15914657
15823284
14300857
68075276
14996486
52002048
14757279
11252769
22699559
14624667
15374898
13624291
58648574
49364711
88542550
44414746
15153093
15620149
14319746
15260162
90266263
54611104
16019661
15417853
45557573
11837299
88883793
15911405
13790849
93850870
13736950
14461634
85806349
53599023
16315071
14484737
14712489
13272025
15156945
79902572
10691061
14730187
15144473
30433027
45769062
15722617
29479962
15210406
22618861
15547329
14952907
12656528
14808607
15335948
74301924
13806036
58202014
2493751,
16380982
14120577
33413241
15455503
13725692
54631853
15573496
12029576
15131522
21890219
54465022
16003873
94760847
14985100
79243174
16222011
14897034
50286603
11725022
32799560
48311973
11050575
15525636
15814729
13088375
12426237
15980552
53082071
12988416
42598799
69445530
44304965
14751748
14793386
83285883
13529417
12220534
26792823
14950393
9584814,
53518501
75289700
15674154
14374727
11339725
14932139
47687061
14544657
14329677
14943418
51363815
96354989
30090055
35364299
15460069
43711644
52431203
54879232
37726630
84118419
57457583
6842208,
16415955
11724005
15693901
15151814
13845037
13263996
94279027
94277196
14681247
54374801
38292583
14696776
13514169
15272013
2518, '4
80118277
15055726
10612518
60605453
86711450
10888072
15395802
56587857
63585745
11530016
76066448
38076840
14230597
36597059
62092366
14039780
14919157
15050385
64682296
14162190
15811622
13455007
15966246
51453216
14074132
13148909
41798187
12364620
16015470
81642605
41209786
14694484
15582401
15948936
69334978
16920879
14614229
28523550
51086593
16009781
42339472
16345234
13714560
90500297
15754746
49008471
22060892
16183866
40325399
89746568
13202328
75905018
15789769
74668267
15661052
13536615
13707023
13040471
15511153
2375, '1
77301659
14757237
15447403
61002539
12270815
15568874
95323542
39813775
71743670
29687238
39907462
44784399
65975191
31571879
16488851
38000601
49383456
15076255
37671756
15201559
10459765
14411079
15178681
79527724
12807951
23614544
99848095
10593428
16334325
92910802
27742858
10076389
12663606
12770364
10800820
12454762
66366502
93799550
57961033
56435261
42644434
53067527
12297389
20152362
14741473
16098188
13780812
10820568
24531534
16012230
63055031
44052499
15790273
16043550
15378405
87577715
40237686
90706553
97167033
15982967
14770021
14306783
31064598
15159726
11839423
11247542
13804566
29408543
13322853
54427747
14908384
10793368
14972623
79406714
55684917
97348713
10147855
14646548
34334797
67953533
47006710
14988554
23943073
15788096
13807361
13870664
10603283
99364758
15868443
46138672
39571034
40322508
33195719
14121679
14064148
13247136
40638824
40343048
15602505
1504643,
13887099
12268542
12075821
15372887
12768737
97000260
11848052
71873510
37093729
81159311
55726830
12394434
13786785
70927583
15933854
14877413
56053143
10714287
16164241
12534806
14309315
21846846
63364442
14912671
16088252
14502843
13506847
67076276
13771321
10479462
13905338
41674521
15998429
36810651
13461068
63656385
57302978
57220414
14608689
99829798
89274771
15005808
72099813
15713829
14764070
63619192
11674688
8704982,
36720341
14099198
11739349
16437465
19466195
36942699
15619464
63422325
13539693
12570265
47624939
10791266
78190765
15948734
12527955
15563044
35241281
14920574
15428470
43677774
41884406
14732728
14150012
15406281
25267857
53932763
78258389
15646747
14428169
10844041
27392396
12426531
51258808
15013191
11175892
13125224
13427542
11642348
76734898
27180409
34801719
28390379
14912830
77869145
15364204
13707928
13462297
93305610
13065471
12159607
14646727
15294971
15516875
13827785
13376797
15310168
11902249
15304301
41598394
14269956
69944185
14618066
10970232
43629376
16305075
57685894
14711102
15030203
30433157
31595008
16078155
6180518,
15754211
15772398
13501340
14574408
46480597
33420156
71980404
16187754
15847013
14713885
69924125
12025321
16412336
15993735
57230988
69141147
14064466
14877011
15719035
44230384
49778354
57147800
10517697
86823723
15268904
15005312
15096313
94047040
88415993
13090529
16125415
61382305
15855910
15543582
10116962
15613902
36711337
14598526
32905059
15738889
16048483
10975531
34009787
99396815
16148398
45644392
15138188
67849054
16329308
16350762
13622920
12015274
74101351
14669372
43026895
14722505
14820322
16381137
29213267
11426830
80907920
99856539
15190195
32723416
14737261
29650430
79424896
97000281
14967727
29729975
14568644
86850549
57256613
53343902
12077688
14391362
43515743
15754170
84558729
11115247
16242104
40080652
11990550
38121862
31211543
70962115
14939262
12851338
52903032
15165743
87931529
62282909
13885040
38391355
15180342
79375427
15596643
37633458
15650092
12431923
15329595
49625595
28211034
31180519
15999739
14330783
11583059
15347235
14989572
16097365
15315212
92698795
15535642
42367894
15450780
14916339
79208603
13612671
65688734
12801678
16281596
24207620
15972788
23412658
34161154
39775384
13072483
39212518
42427753
33420177
16360198
71595216
22570591
14993206
16118760
13044966
15243852
59559913
14696845
15738646
15770167
70033423
56500414
11482792
12990700
44474610
16277282
14690218
60468169
13452665
56384599
15485693
47927297
15199922
11248450
16487109
13043213
90447183
16198127
85700754
12691822
10396511
78531618
36140951
15365403
13669816
56877943
75252933
14951207
70214002
12413256
34562233
14899224
13079598
89941895
15649962
12665416
60608140
47303548
13437694
16339548
71465211
70246501
15679017
16036459
14126451
14661810
6733853,
12348979
13582051
14621141
13858848
15698475
16161393
13216211
47003933
13885530
78356005
59760352
32496549
46757036
62236612
10828434
13187234
49413228
12155717
85403592
12428238
89902080
25862161
38191374
25168660
96754207
11978534
86562956
96376153
14790418
80715643
25530191
11705314
14891634
36220941
38824096
15207137
43038698
15599733
78450617
17520022
79544017
14267721
45068173
50718460
72233267
59090789
10785981
16193062
77287470
87574578
96185210
37122639
14089619
71300112
90978308
13503521
99937972
13403120
45619414
15536177
37236218
13801680
15548088
27683721
14750973
12628747
33594446
67088307
16222937
89761868
538326, 
10816944
79762269
14663525
14503379
11019304
13207680
12299702
52793233
14488946
13731965
49251529
68239160
16033633
84018089
77968657
15999886
75294250
13639555
60825435
57113655
14027973
56041573
31521592
15944673
48686587
14395797
51725850
13716663
16020852
14687178
58237653
15141730
64026299
42193738
11445441
14092973
10215130
16375506
31091386
53365529
54173134
14935161
70125528
39114314
13715484
85343387
86550574
13362752
13814782
69468097
15477846
15021518
10605848
32274141
39239631
14817290
13525506
11371544
14235689
10161090
13686985
18630481
15607330
12381005
15097007
14332375
30810270
42690910
56136126
14311124
10512696
13137935
38787059
15871780
13292418
15198907
50394093
78489586
96497658
42438086
13259241
32202384
14318290
14829053
13780343
15260481
33799641
27553172
75787129
15358771
76834834
12295456
13549642
14685558
88916890
65020843
75409944
11325330
12763801
15890810
50744466
15307573
15034838
14094853
14953297
12174339
11176621
36118745
14824711
66033149
99190665
13730755
11379361
72445308
34586762
31221856
75214966
29440084
30147556
14728657
85501573
74352037
84301745
97494559
14322332
38246665
34732382
38110294
92337511
27487887
12247741
77611508
66669351
15757148
14915223
30346940
98792390
38887176
44208700
11961081
97882881
13660438
14312000
13096040
12774092
31481944
14852345
15764579
23588023
78819972
78517040
33750906
41001625
99296087
32378831
51789870
92898731
41835611
54262371
68179298
14542240
46535426
16090537
16533175
54564934
15573820
12031562
11195411
45052261
95648824
11630800
57992530
15474560
60495058
76846862
12673961
18463387
11204461
42668984
10995233
46073638
28763620
90055729
85808236
10225127
11991477
14238244
96384147
54318752
74940137
39064862
95316229
15466629
13001566
30050107
30040193
68788759
59697510
12675456
15316439
67348507
40390423
15226390
11408044
71041165
95244439
11034432
44346480
90703609
14076497
15322230
15431622
44429612
15199589
52063856
14733234
14708789
57261235
12427091
61451712
34729179
59918522
28296760
7329999,
14514838
13239660
15797751
69849765
65789338
57394175
15138811
15135910
17164230
15337438
13293884
52460298
13404202
24916889
13457389
84922667
18344012
77516388
11746863
13741768
13353526
13640116
14330744
13456971
65869899
15844991
15164452
12620852
92596973
42720486
11753839
30108368
92756681
87747674
11042932
43935141
15400717
14224756
16254103
15219225
15135950
79006380
15899320
98056917
12216428
15861927
40485785
21791024
15933996
50175525
14956539
13431156
24486066
15907108
15871047
14694068
10860920
14489950
43593062
11092800
36358297
15923368
25492288
68737650
10218061
13744765
13412258
56585225
15914657
15823284
14300857
68075276
14996486
52002048
14757279
11252769
22699559
14624667
15374898
13624291
58648574
49364711
88542550
44414746
15153093
15620149
14319746
15260162
90266263
54611104
16019661
15417853
45557573
11837299
88883793
15911405
13790849
93850870
13736950
14461634
85806349
53599023
16315071
14484737
14712489
13272025
15156945
79902572
10691061
14730187
15144473
30433027
45769062
15722617
29479962
15210406
22618861
15547329
14952907
12656528
14808607
15335948
74301924
13806036
58202014
2493751,
16380982
14120577
33413241
15455503
13725692
54631853
15573496
12029576
15131522
21890219
54465022
16003873
94760847
14985100
79243174
16222011
14897034
50286603
11725022
32799560
48311973
11050575
15525636
15814729
13088375
12426237
15980552
53082071
12988416
42598799
69445530
44304965
14751748
14793386
83285883
13529417
12220534
26792823
14950393
9584814,
53518501
75289700
15674154
14374727
11339725
14932139
47687061
14544657
14329677
14943418
51363815
96354989
30090055
35364299
15460069
43711644
52431203
54879232
37726630
84118419
57457583
6842208,
16415955
11724005
15693901
15151814
13845037
13263996
94279027
94277196
14681247
54374801
38292583
14696776
13514169
15272013
2518, '4
80118277
15055726
10612518
60605453
86711450
10888072
15395802
56587857
63585745
11530016
76066448
38076840
14230597
36597059
62092366
14039780
14919157
15050385
64682296
14162190
15811622
13455007
15966246
51453216
14074132
13148909
41798187
12364620
16015470
81642605
41209786
14694484
15582401
15948936
69334978
16920879
14614229
28523550
51086593
16009781
42339472
16345234
13714560
90500297
15754746
49008471
22060892
16183866
40325399
89746568
13202328
75905018
15789769
74668267
15661052
13536615
13707023
13040471
15511153
2375, '1
77301659
14757237
15447403
61002539
12270815
15568874
95323542
39813775
71743670
29687238
39907462
44784399
65975191
31571879
16488851
38000601
49383456
15076255
37671756
15201559
10459765
14411079
15178681
79527724
12807951
23614544
99848095
10593428
16334325
92910802
27742858
10076389
12663606
12770364
10800820
12454762
66366502
93799550
57961033
56435261
42644434
53067527
12297389
20152362
14741473
16098188
13780812
10820568
24531534
16012230
63055031
44052499
15790273
16043550
15378405
87577715
40237686
90706553
97167033
15982967
14770021
14306783
31064598
15159726
11839423
11247542
13804566
29408543
13322853
54427747
14908384
10793368
14972623
79406714
55684917
97348713
10147855
14646548
34334797
67953533
47006710
14988554
23943073
15788096
13807361
13870664
10603283
99364758
15868443
46138672
39571034
40322508
33195719
14121679
14064148
13247136
40638824
40343048
15602505
1504643,
13887099
12268542
12075821
15372887
12768737
97000260
11848052
71873510
37093729
81159311
55726830
12394434
13786785
70927583
15933854
14877413
56053143
10714287
16164241
12534806
14309315
21846846
63364442
14912671
16088252
14502843
13506847
67076276
13771321
10479462
13905338
41674521
15998429
36810651
13461068
63656385
57302978
57220414
14608689
99829798
89274771
15005808
72099813
15713829
14764070
63619192
11674688
8704982,
36720341
14099198
11739349
16437465
19466195
36942699
15619464
63422325
13539693
12570265
47624939
10791266
78190765
15948734
12527955
15563044
35241281
14920574
15428470
43677774
41884406
14732728
14150012
15406281
25267857
53932763
78258389
15646747
14428169
10844041
27392396
12426531
51258808
15013191
11175892
13125224
13427542
11642348
76734898
27180409
34801719
28390379
14912830
77869145
15364204
13707928
13462297
93305610
13065471
12159607
14646727
15294971
15516875
13827785
13376797
15310168
11902249
15304301
41598394
14269956
69944185
14618066
10970232
43629376
16305075
57685894
14711102
15030203
30433157
31595008
16078155
6180518,
15754211
15772398
13501340
14574408
46480597
33420156
71980404
16187754
15847013
14713885
69924125
12025321
16412336
15993735
57230988
69141147
14064466
14877011
15719035
44230384
49778354
57147800
10517697
86823723
15268904
15005312
15096313
94047040
88415993
13090529
16125415
61382305
15855910
15543582
10116962
15613902
36711337
14598526
32905059
15738889
16048483
10975531
34009787
99396815
16148398
45644392
15138188
67849054
16329308
16350762
13622920
12015274
74101351
14669372
43026895
14722505
14820322
16381137
29213267
11426830
80907920
99856539
15190195
32723416
14737261
29650430
79424896
97000281
14967727
29729975
14568644
86850549
57256613
53343902
12077688
14391362
43515743
15754170
84558729
11115247
16242104
40080652
11990550
38121862
31211543
70962115
14939262
12851338
52903032
15165743
87931529
62282909
13885040
38391355
15180342
79375427
15596643
37633458
15650092
12431923
15329595
49625595
28211034
31180519
15999739
14330783
11583059
15347235
14989572
16097365
15315212
92698795
15535642
42367894
15450780
14916339
79208603
13612671
65688734
12801678
16281596
24207620
15972788
23412658
34161154
39775384
13072483
39212518
42427753
33420177
16360198
71595216
22570591
14993206
16118760
13044966
15243852
59559913
14696845
15738646
15770167
70033423
56500414
11482792
12990700
44474610
16277282
14690218
60468169
13452665
56384599
15485693
47927297
15199922
11248450
16487109
13043213
90447183
16198127
85700754
12691822
10396511
78531618
36140951
15365403
13669816
56877943
75252933
14951207
70214002
12413256
34562233
14899224
13079598
89941895
15649962
12665416
60608140
47303548
13437694
16339548
71465211
70246501
15679017
16036459
14126451
14661810
6733853,
12348979
13582051
14621141
13858848
15698475
16161393
13216211
47003933
13885530
78356005
59760352
32496549
46757036
62236612
10828434
13187234
49413228
12155717
85403592
12428238
89902080
25862161
38191374
25168660
96754207
11978534
86562956
96376153
14790418
80715643
25530191
11705314
14891634
36220941
38824096
15207137
43038698
15599733
78450617
17520022
79544017
14267721
45068173
50718460
72233267
59090789
10785981
16193062
77287470
87574578
96185210
37122639
14089619
71300112
90978308
13503521
99937972
13403120
45619414
15536177
37236218
13801680
15548088
27683721
14750973
12628747
33594446
67088307
16222937
89761868
538326, 
10816944
79762269
14663525
14503379
11019304
13207680
12299702
52793233
14488946
13731965
49251529
68239160
16033633
84018089
77968657
15999886
75294250
13639555
60825435
57113655
14027973
56041573
31521592
15944673
48686587
14395797
51725850
13716663
16020852
14687178
58237653
15141730
64026299
42193738
11445441
14092973
10215130
16375506
31091386
53365529
54173134
14935161
70125528
39114314
13715484
85343387
86550574
13362752
13814782
69468097
15477846
15021518
10605848
32274141
39239631
14817290
13525506
11371544
14235689
10161090
13686985
18630481
15607330
12381005
15097007
14332375
30810270
42690910
56136126
14311124
10512696
13137935
38787059
15871780
13292418
15198907
50394093
78489586
96497658
42438086
13259241
32202384
14318290
14829053
13780343
15260481
33799641
27553172
75787129
15358771
76834834
12295456
13549642
14685558
88916890
65020843
75409944
11325330
12763801
15890810
50744466
15307573
15034838
14094853
14953297
12174339
11176621
36118745
14824711
66033149
99190665
13730755
11379361
72445308
34586762
31221856
52207526
11152832
16243782
13636156
16050526
14154598
75425447
11187663
13239104
14333364
13968839
52827076
66480314
93806728
14592686
13909595
30452313
36549278
15776604
79535334
